000000000001
000000000002
000000000003
000000000004
000000000005
000000000006
000000000007
000000000008
000000000009
000000000010
000000000011
000000000012
000000000013
000000000014
000000000015
000000000016
000000000017
000000000018
000000000019
000000000020
000000000021
000000000022
000000000023
000000000024
000000000025
000000000026
000000000027
000000000028
000000000029
000000000030
000000000031
000000000032
000000000033
000000000034
000000000035
000000000036
000000000037
000000000038
000000000039
000000000040
000000000041
000000000042
000000000043
000000000044
000000000045
000000000046
000000000047
000000000048
000000000049
000000000050
000000000051
000000000052
000000000053
000000000054
000000000055
000000000056
000000000057
000000000058
000000000059
000000000060
000000000061
000000000062
000000000063
000000000064
000000000065
000000000066
000000000067
000000000068
000000000069
000000000070
000000000071
000000000072
000000000073
000000000074
000000000075
000000000076
000000000077
000000000078
000000000079
000000000080
000000000081
000000000082
000000000083
000000000084
000000000085
000000000086
000000000087
000000000088
000000000089
000000000090
000000000091
000000000092
000000000093
000000000094
000000000095
000000000096
000000000097
000000000098
000000000099
000000000100
000000000101
000000000102
000000000103
000000000104
000000000105
000000000106
000000000107
000000000108
000000000109
000000000110
000000000111
000000000112
000000000113
000000000114
000000000115
000000000116
000000000117
000000000118
000000000119
000000000120
000000000121
000000000122
000000000123
000000000124
000000000125
000000000126
000000000127
000000000128
000000000129
000000000130
000000000131
000000000132
000000000133
000000000134
000000000135
000000000136
000000000137
000000000138
000000000139
000000000140
000000000141
000000000142
000000000143
000000000144
000000000145
000000000146
000000000147
000000000148
000000000149
000000000150
000000000151
000000000152
000000000153
000000000154
000000000155
000000000156
000000000157
000000000158
000000000159
000000000160
000000000161
000000000162
000000000163
000000000164
000000000165
000000000166
000000000167
000000000168
000000000169
000000000170
000000000171
000000000172
000000000173
000000000174
000000000175
000000000176
000000000177
000000000178
000000000179
000000000180
000000000181
000000000182
000000000183
000000000184
000000000185
000000000186
000000000187
000000000188
000000000189
000000000190
000000000191
000000000192
000000000193
000000000194
000000000195
000000000196
000000000197
000000000198
000000000199
000000000200
000000000201
000000000202
000000000203
000000000204
000000000205
000000000206
000000000207
000000000208
000000000209
000000000210
000000000211
000000000212
000000000213
000000000214
000000000215
000000000216
000000000217
000000000218
000000000219
000000000220
000000000221
000000000222
000000000223
000000000224
000000000225
000000000226
000000000227
000000000228
000000000229
000000000230
000000000231
000000000232
000000000233
000000000234
000000000235
000000000236
000000000237
000000000238
000000000239
000000000240
000000000241
000000000242
000000000243
000000000244
000000000245
000000000246
000000000247
000000000248
000000000249
000000000250
000000000251
000000000252
000000000253
000000000254
000000000255
000000000256
000000000257
000000000258
000000000259
000000000260
000000000261
000000000262
000000000263
000000000264
000000000265
000000000266
000000000267
000000000268
000000000269
000000000270
000000000271
000000000272
000000000273
000000000274
000000000275
000000000276
000000000277
000000000278
000000000279
000000000280
000000000281
000000000282
000000000283
000000000284
000000000285
000000000286
000000000287
000000000288
000000000289
000000000290
000000000291
000000000292
000000000293
000000000294
000000000295
000000000296
000000000297
000000000298
000000000299
000000000300
000000000301
000000000302
000000000303
000000000304
000000000305
000000000306
000000000307
000000000308
000000000309
000000000310
000000000311
000000000312
000000000313
000000000314
000000000315
000000000316
000000000317
000000000318
000000000319
000000000320
000000000321
000000000322
000000000323
000000000324
000000000325
000000000326
000000000327
000000000328
000000000329
000000000330
000000000331
000000000332
000000000333
000000000334
000000000335
000000000336
000000000337
000000000338
000000000339
000000000340
000000000341
000000000342
000000000343
000000000344
000000000345
000000000346
000000000347
000000000348
000000000349
000000000350
000000000351
000000000352
000000000353
000000000354
000000000355
000000000356
000000000357
000000000358
000000000359
000000000360
000000000361
000000000362
000000000363
000000000364
000000000365
000000000366
000000000367
000000000368
000000000369
000000000370
000000000371
000000000372
000000000373
000000000374
000000000375
000000000376
000000000377
000000000378
000000000379
000000000380
000000000381
000000000382
000000000383
000000000384
000000000385
000000000386
000000000387
000000000388
000000000389
000000000390
000000000391
000000000392
000000000393
000000000394
000000000395
000000000396
000000000397
000000000398
000000000399
000000000400
000000000401
000000000402
000000000403
000000000404
000000000405
000000000406
000000000407
000000000408
000000000409
000000000410
000000000411
000000000412
000000000413
000000000414
000000000415
000000000416
000000000417
000000000418
000000000419
000000000420
000000000421
000000000422
000000000423
000000000424
000000000425
000000000426
000000000427
000000000428
000000000429
000000000430
000000000431
000000000432
000000000433
000000000434
000000000435
000000000436
000000000437
000000000438
000000000439
000000000440
000000000441
000000000442
000000000443
000000000444
000000000445
000000000446
000000000447
000000000448
000000000449
000000000450
000000000451
000000000452
000000000453
000000000454
000000000455
000000000456
000000000457
000000000458
000000000459
000000000460
000000000461
000000000462
000000000463
000000000464
000000000465
000000000466
000000000467
000000000468
000000000469
000000000470
000000000471
000000000472
000000000473
000000000474
000000000475
000000000476
000000000477
000000000478
000000000479
000000000480
000000000481
000000000482
000000000483
000000000484
000000000485
000000000486
000000000487
000000000488
000000000489
000000000490
000000000491
000000000492
000000000493
000000000494
000000000495
000000000496
000000000497
000000000498
000000000499
000000000500
000000000501
000000000502
000000000503
000000000504
000000000505
000000000506
000000000507
000000000508
000000000509
000000000510
000000000511
000000000512
000000000513
000000000514
000000000515
000000000516
000000000517
000000000518
000000000519
000000000520
000000000521
000000000522
000000000523
000000000524
000000000525
000000000526
000000000527
000000000528
000000000529
000000000530
000000000531
000000000532
000000000533
000000000534
000000000535
000000000536
000000000537
000000000538
000000000539
000000000540
000000000541
000000000542
000000000543
000000000544
000000000545
000000000546
000000000547
000000000548
000000000549
000000000550
000000000551
000000000552
000000000553
000000000554
000000000555
000000000556
000000000557
000000000558
000000000559
000000000560
000000000561
000000000562
000000000563
000000000564
000000000565
000000000566
000000000567
000000000568
000000000569
000000000570
000000000571
000000000572
000000000573
000000000574
000000000575
000000000576
000000000577
000000000578
000000000579
000000000580
000000000581
000000000582
000000000583
000000000584
000000000585
000000000586
000000000587
000000000588
000000000589
000000000590
000000000591
000000000592
000000000593
000000000594
000000000595
000000000596
000000000597
000000000598
000000000599
000000000600
000000000601
000000000602
000000000603
000000000604
000000000605
000000000606
000000000607
000000000608
000000000609
000000000610
000000000611
000000000612
000000000613
000000000614
000000000615
000000000616
000000000617
000000000618
000000000619
000000000620
000000000621
000000000622
000000000623
000000000624
000000000625
000000000626
000000000627
000000000628
000000000629
000000000630
000000000631
000000000632
000000000633
000000000634
000000000635
000000000636
000000000637
000000000638
000000000639
000000000640
000000000641
000000000642
000000000643
000000000644
000000000645
000000000646
000000000647
000000000648
000000000649
000000000650
000000000651
000000000652
000000000653
000000000654
000000000655
000000000656
000000000657
000000000658
000000000659
000000000660
000000000661
000000000662
000000000663
000000000664
000000000665
000000000666
000000000667
000000000668
000000000669
000000000670
000000000671
000000000672
000000000673
000000000674
000000000675
000000000676
000000000677
000000000678
000000000679
000000000680
000000000681
000000000682
000000000683
000000000684
000000000685
000000000686
000000000687
000000000688
000000000689
000000000690
000000000691
000000000692
000000000693
000000000694
000000000695
000000000696
000000000697
000000000698
000000000699
000000000700
000000000701
000000000702
000000000703
000000000704
000000000705
000000000706
000000000707
000000000708
000000000709
000000000710
000000000711
000000000712
000000000713
000000000714
000000000715
000000000716
000000000717
000000000718
000000000719
000000000720
000000000721
000000000722
000000000723
000000000724
000000000725
000000000726
000000000727
000000000728
000000000729
000000000730
000000000731
000000000732
000000000733
000000000734
000000000735
000000000736
000000000737
000000000738
000000000739
000000000740
000000000741
000000000742
000000000743
000000000744
000000000745
000000000746
000000000747
000000000748
000000000749
000000000750
000000000751
000000000752
000000000753
000000000754
000000000755
000000000756
000000000757
000000000758
000000000759
000000000760
000000000761
000000000762
000000000763
000000000764
000000000765
000000000766
000000000767
000000000768
000000000769
000000000770
000000000771
000000000772
000000000773
000000000774
000000000775
000000000776
000000000777
000000000778
000000000779
000000000780
000000000781
000000000782
000000000783
000000000784
000000000785
000000000786
000000000787
000000000788
000000000789
000000000790
000000000791
000000000792
000000000793
000000000794
000000000795
000000000796
000000000797
000000000798
000000000799
000000000800
000000000801
000000000802
000000000803
000000000804
000000000805
000000000806
000000000807
000000000808
000000000809
000000000810
000000000811
000000000812
000000000813
000000000814
000000000815
000000000816
000000000817
000000000818
000000000819
000000000820
000000000821
000000000822
000000000823
000000000824
000000000825
000000000826
000000000827
000000000828
000000000829
000000000830
000000000831
000000000832
000000000833
000000000834
000000000835
000000000836
000000000837
000000000838
000000000839
000000000840
000000000841
000000000842
000000000843
000000000844
000000000845
000000000846
000000000847
000000000848
000000000849
000000000850
000000000851
000000000852
000000000853
000000000854
000000000855
000000000856
000000000857
000000000858
000000000859
000000000860
000000000861
000000000862
000000000863
000000000864
000000000865
000000000866
000000000867
000000000868
000000000869
000000000870
000000000871
000000000872
000000000873
000000000874
000000000875
000000000876
000000000877
000000000878
000000000879
000000000880
000000000881
000000000882
000000000883
000000000884
000000000885
000000000886
000000000887
000000000888
000000000889
000000000890
000000000891
000000000892
000000000893
000000000894
000000000895
000000000896
000000000897
000000000898
000000000899
000000000900
000000000901
000000000902
000000000903
000000000904
000000000905
000000000906
000000000907
000000000908
000000000909
000000000910
000000000911
000000000912
000000000913
000000000914
000000000915
000000000916
000000000917
000000000918
000000000919
000000000920
000000000921
000000000922
000000000923
000000000924
000000000925
000000000926
000000000927
000000000928
000000000929
000000000930
000000000931
000000000932
000000000933
000000000934
000000000935
000000000936
000000000937
000000000938
000000000939
000000000940
000000000941
000000000942
000000000943
000000000944
000000000945
000000000946
000000000947
000000000948
000000000949
000000000950
000000000951
000000000952
000000000953
000000000954
000000000955
000000000956
000000000957
000000000958
000000000959
000000000960
000000000961
000000000962
000000000963
000000000964
000000000965
000000000966
000000000967
000000000968
000000000969
000000000970
000000000971
000000000972
000000000973
000000000974
000000000975
000000000976
000000000977
000000000978
000000000979
000000000980
000000000981
000000000982
000000000983
000000000984
000000000985
000000000986
000000000987
000000000988
000000000989
000000000990
000000000991
000000000992
000000000993
000000000994
000000000995
000000000996
000000000997
000000000998
000000000999
000000001000
000000001001
000000001002
000000001003
000000001004
000000001005
000000001006
000000001007
000000001008
000000001009
000000001010
000000001011
000000001012
000000001013
000000001014
000000001015
000000001016
000000001017
000000001018
000000001019
000000001020
000000001021
000000001022
000000001023
000000001024
000000001025
000000001026
000000001027
000000001028
000000001029
000000001030
000000001031
000000001032
000000001033
000000001034
000000001035
000000001036
000000001037
000000001038
000000001039
000000001040
000000001041
000000001042
000000001043
000000001044
000000001045
000000001046
000000001047
000000001048
000000001049
000000001050
000000001051
000000001052
000000001053
000000001054
000000001055
000000001056
000000001057
000000001058
000000001059
000000001060
000000001061
000000001062
000000001063
000000001064
000000001065
000000001066
000000001067
000000001068
000000001069
000000001070
000000001071
000000001072
000000001073
000000001074
000000001075
000000001076
000000001077
000000001078
000000001079
000000001080
000000001081
000000001082
000000001083
000000001084
000000001085
000000001086
000000001087
000000001088
000000001089
000000001090
000000001091
000000001092
000000001093
000000001094
000000001095
000000001096
000000001097
000000001098
000000001099
000000001100
000000001101
000000001102
000000001103
000000001104
000000001105
000000001106
000000001107
000000001108
000000001109
000000001110
000000001111
000000001112
000000001113
000000001114
000000001115
000000001116
000000001117
000000001118
000000001119
000000001120
000000001121
000000001122
000000001123
000000001124
000000001125
000000001126
000000001127
000000001128
000000001129
000000001130
000000001131
000000001132
000000001133
000000001134
000000001135
000000001136
000000001137
000000001138
000000001139
000000001140
000000001141
000000001142
000000001143
000000001144
000000001145
000000001146
000000001147
000000001148
000000001149
000000001150
000000001151
000000001152
000000001153
000000001154
000000001155
000000001156
000000001157
000000001158
000000001159
000000001160
000000001161
000000001162
000000001163
000000001164
000000001165
000000001166
000000001167
000000001168
000000001169
000000001170
000000001171
000000001172
000000001173
000000001174
000000001175
000000001176
000000001177
000000001178
000000001179
000000001180
000000001181
000000001182
000000001183
000000001184
000000001185
000000001186
000000001187
000000001188
000000001189
000000001190
000000001191
000000001192
000000001193
000000001194
000000001195
000000001196
000000001197
000000001198
000000001199
000000001200
000000001201
000000001202
000000001203
000000001204
000000001205
000000001206
000000001207
000000001208
000000001209
000000001210
000000001211
000000001212
000000001213
000000001214
000000001215
000000001216
000000001217
000000001218
000000001219
000000001220
000000001221
000000001222
000000001223
000000001224
000000001225
000000001226
000000001227
000000001228
000000001229
000000001230
000000001231
000000001232
000000001233
000000001234
000000001235
000000001236
000000001237
000000001238
000000001239
000000001240
000000001241
000000001242
000000001243
000000001244
000000001245
000000001246
000000001247
000000001248
000000001249
000000001250
000000001251
000000001252
000000001253
000000001254
000000001255
000000001256
000000001257
000000001258
000000001259
000000001260
000000001261
000000001262
000000001263
000000001264
000000001265
000000001266
000000001267
000000001268
000000001269
000000001270
000000001271
000000001272
000000001273
000000001274
000000001275
000000001276
000000001277
000000001278
000000001279
000000001280
000000001281
000000001282
000000001283
000000001284
000000001285
000000001286
000000001287
000000001288
000000001289
000000001290
000000001291
000000001292
000000001293
000000001294
000000001295
000000001296
000000001297
000000001298
000000001299
000000001300
000000001301
000000001302
000000001303
000000001304
000000001305
000000001306
000000001307
000000001308
000000001309
000000001310
000000001311
000000001312
000000001313
000000001314
000000001315
000000001316
000000001317
000000001318
000000001319
000000001320
000000001321
000000001322
000000001323
000000001324
000000001325
000000001326
000000001327
000000001328
000000001329
000000001330
000000001331
000000001332
000000001333
000000001334
000000001335
000000001336
000000001337
000000001338
000000001339
000000001340
000000001341
000000001342
000000001343
000000001344
000000001345
000000001346
000000001347
000000001348
000000001349
000000001350
000000001351
000000001352
000000001353
000000001354
000000001355
000000001356
000000001357
000000001358
000000001359
000000001360
000000001361
000000001362
000000001363
000000001364
000000001365
000000001366
000000001367
000000001368
000000001369
000000001370
000000001371
000000001372
000000001373
000000001374
000000001375
000000001376
000000001377
000000001378
000000001379
000000001380
000000001381
000000001382
000000001383
000000001384
000000001385
000000001386
000000001387
000000001388
000000001389
000000001390
000000001391
000000001392
000000001393
000000001394
000000001395
000000001396
000000001397
000000001398
000000001399
000000001400
000000001401
000000001402
000000001403
000000001404
000000001405
000000001406
000000001407
000000001408
000000001409
000000001410
000000001411
000000001412
000000001413
000000001414
000000001415
000000001416
000000001417
000000001418
000000001419
000000001420
000000001421
000000001422
000000001423
000000001424
000000001425
000000001426
000000001427
000000001428
000000001429
000000001430
000000001431
000000001432
000000001433
000000001434
000000001435
000000001436
000000001437
000000001438
000000001439
000000001440
000000001441
000000001442
000000001443
000000001444
000000001445
000000001446
000000001447
000000001448
000000001449
000000001450
000000001451
000000001452
000000001453
000000001454
000000001455
000000001456
000000001457
000000001458
000000001459
000000001460
000000001461
000000001462
000000001463
000000001464
000000001465
000000001466
000000001467
000000001468
000000001469
000000001470
000000001471
000000001472
000000001473
000000001474
000000001475
000000001476
000000001477
000000001478
000000001479
000000001480
000000001481
000000001482
000000001483
000000001484
000000001485
000000001486
000000001487
000000001488
000000001489
000000001490
000000001491
000000001492
000000001493
000000001494
000000001495
000000001496
000000001497
000000001498
000000001499
000000001500
000000001501
000000001502
000000001503
000000001504
000000001505
000000001506
000000001507
000000001508
000000001509
000000001510
000000001511
000000001512
000000001513
000000001514
000000001515
000000001516
000000001517
000000001518
000000001519
000000001520
000000001521
000000001522
000000001523
000000001524
000000001525
000000001526
000000001527
000000001528
000000001529
000000001530
000000001531
000000001532
000000001533
000000001534
000000001535
000000001536
000000001537
000000001538
000000001539
000000001540
000000001541
000000001542
000000001543
000000001544
000000001545
000000001546
000000001547
000000001548
000000001549
000000001550
000000001551
000000001552
000000001553
000000001554
000000001555
000000001556
000000001557
000000001558
000000001559
000000001560
000000001561
000000001562
000000001563
000000001564
000000001565
000000001566
000000001567
000000001568
000000001569
000000001570
000000001571
000000001572
000000001573
000000001574
000000001575
000000001576
000000001577
000000001578
000000001579
000000001580
000000001581
000000001582
000000001583
000000001584
000000001585
000000001586
000000001587
000000001588
000000001589
000000001590
000000001591
000000001592
000000001593
000000001594
000000001595
000000001596
000000001597
000000001598
000000001599
000000001600
000000001601
000000001602
000000001603
000000001604
000000001605
000000001606
000000001607
000000001608
000000001609
000000001610
000000001611
000000001612
000000001613
000000001614
000000001615
000000001616
000000001617
000000001618
000000001619
000000001620
000000001621
000000001622
000000001623
000000001624
000000001625
000000001626
000000001627
000000001628
000000001629
000000001630
000000001631
000000001632
000000001633
000000001634
000000001635
000000001636
000000001637
000000001638
000000001639
000000001640
000000001641
000000001642
000000001643
000000001644
000000001645
000000001646
000000001647
000000001648
000000001649
000000001650
000000001651
000000001652
000000001653
000000001654
000000001655
000000001656
000000001657
000000001658
000000001659
000000001660
000000001661
000000001662
000000001663
000000001664
000000001665
000000001666
000000001667
000000001668
000000001669
000000001670
000000001671
000000001672
000000001673
000000001674
000000001675
000000001676
000000001677
000000001678
000000001679
000000001680
000000001681
000000001682
000000001683
000000001684
000000001685
000000001686
000000001687
000000001688
000000001689
000000001690
000000001691
000000001692
000000001693
000000001694
000000001695
000000001696
000000001697
000000001698
000000001699
000000001700
000000001701
000000001702
000000001703
000000001704
000000001705
000000001706
000000001707
000000001708
000000001709
000000001710
000000001711
000000001712
000000001713
000000001714
000000001715
000000001716
000000001717
000000001718
000000001719
000000001720
000000001721
000000001722
000000001723
000000001724
000000001725
000000001726
000000001727
000000001728
000000001729
000000001730
000000001731
000000001732
000000001733
000000001734
000000001735
000000001736
000000001737
000000001738
000000001739
000000001740
000000001741
000000001742
000000001743
000000001744
000000001745
000000001746
000000001747
000000001748
000000001749
000000001750
000000001751
000000001752
000000001753
000000001754
000000001755
000000001756
000000001757
000000001758
000000001759
000000001760
000000001761
000000001762
000000001763
000000001764
000000001765
000000001766
000000001767
000000001768
000000001769
000000001770
000000001771
000000001772
000000001773
000000001774
000000001775
000000001776
000000001777
000000001778
000000001779
000000001780
000000001781
000000001782
000000001783
000000001784
000000001785
000000001786
000000001787
000000001788
000000001789
000000001790
000000001791
000000001792
000000001793
000000001794
000000001795
000000001796
000000001797
000000001798
000000001799
000000001800
000000001801
000000001802
000000001803
000000001804
000000001805
000000001806
000000001807
000000001808
000000001809
000000001810
000000001811
000000001812
000000001813
000000001814
000000001815
000000001816
000000001817
000000001818
000000001819
000000001820
000000001821
000000001822
000000001823
000000001824
000000001825
000000001826
000000001827
000000001828
000000001829
000000001830
000000001831
000000001832
000000001833
000000001834
000000001835
000000001836
000000001837
000000001838
000000001839
000000001840
000000001841
000000001842
000000001843
000000001844
000000001845
000000001846
000000001847
000000001848
000000001849
000000001850
000000001851
000000001852
000000001853
000000001854
000000001855
000000001856
000000001857
000000001858
000000001859
000000001860
000000001861
000000001862
000000001863
000000001864
000000001865
000000001866
000000001867
000000001868
000000001869
000000001870
000000001871
000000001872
000000001873
000000001874
000000001875
000000001876
000000001877
000000001878
000000001879
000000001880
000000001881
000000001882
000000001883
000000001884
000000001885
000000001886
000000001887
000000001888
000000001889
000000001890
000000001891
000000001892
000000001893
000000001894
000000001895
000000001896
000000001897
000000001898
000000001899
000000001900
000000001901
000000001902
000000001903
000000001904
000000001905
000000001906
000000001907
000000001908
000000001909
000000001910
000000001911
000000001912
000000001913
000000001914
000000001915
000000001916
000000001917
000000001918
000000001919
000000001920
000000001921
000000001922
000000001923
000000001924
000000001925
000000001926
000000001927
000000001928
000000001929
000000001930
000000001931
000000001932
000000001933
000000001934
000000001935
000000001936
000000001937
000000001938
000000001939
000000001940
000000001941
000000001942
000000001943
000000001944
000000001945
000000001946
000000001947
000000001948
000000001949
000000001950
000000001951
000000001952
000000001953
000000001954
000000001955
000000001956
000000001957
000000001958
000000001959
000000001960
000000001961
000000001962
000000001963
000000001964
000000001965
000000001966
000000001967
000000001968
000000001969
000000001970
000000001971
000000001972
000000001973
000000001974
000000001975
000000001976
000000001977
000000001978
000000001979
000000001980
000000001981
000000001982
000000001983
000000001984
000000001985
000000001986
000000001987
000000001988
000000001989
000000001990
000000001991
000000001992
000000001993
000000001994
000000001995
000000001996
000000001997
000000001998
000000001999
000000002000
000000002001
000000002002
000000002003
000000002004
000000002005
000000002006
000000002007
000000002008
000000002009
000000002010
000000002011
000000002012
000000002013
000000002014
000000002015
000000002016
000000002017
000000002018
000000002019
000000002020
000000002021
000000002022
000000002023
000000002024
000000002025
000000002026
000000002027
000000002028
000000002029
000000002030
000000002031
000000002032
000000002033
000000002034
000000002035
000000002036
000000002037
000000002038
000000002039
000000002040
000000002041
000000002042
000000002043
000000002044
000000002045
000000002046
000000002047
000000002048
000000002049
000000002050
000000002051
000000002052
000000002053
000000002054
000000002055
000000002056
000000002057
000000002058
000000002059
000000002060
000000002061
000000002062
000000002063
000000002064
000000002065
000000002066
000000002067
000000002068
000000002069
000000002070
000000002071
000000002072
000000002073
000000002074
000000002075
000000002076
000000002077
000000002078
000000002079
000000002080
000000002081
000000002082
000000002083
000000002084
000000002085
000000002086
000000002087
000000002088
000000002089
000000002090
000000002091
000000002092
000000002093
000000002094
000000002095
000000002096
000000002097
000000002098
000000002099
000000002100
000000002101
000000002102
000000002103
000000002104
000000002105
000000002106
000000002107
000000002108
000000002109
000000002110
000000002111
000000002112
000000002113
000000002114
000000002115
000000002116
000000002117
000000002118
000000002119
000000002120
000000002121
000000002122
000000002123
000000002124
000000002125
000000002126
000000002127
000000002128
000000002129
000000002130
000000002131
000000002132
000000002133
000000002134
000000002135
000000002136
000000002137
000000002138
000000002139
000000002140
000000002141
000000002142
000000002143
000000002144
000000002145
000000002146
000000002147
000000002148
000000002149
000000002150
000000002151
000000002152
000000002153
000000002154
000000002155
000000002156
000000002157
000000002158
000000002159
000000002160
000000002161
000000002162
000000002163
000000002164
000000002165
000000002166
000000002167
000000002168
000000002169
000000002170
000000002171
000000002172
000000002173
000000002174
000000002175
000000002176
000000002177
000000002178
000000002179
000000002180
000000002181
000000002182
000000002183
000000002184
000000002185
000000002186
000000002187
000000002188
000000002189
000000002190
000000002191
000000002192
000000002193
000000002194
000000002195
000000002196
000000002197
000000002198
000000002199
000000002200
000000002201
000000002202
000000002203
000000002204
000000002205
000000002206
000000002207
000000002208
000000002209
000000002210
000000002211
000000002212
000000002213
000000002214
000000002215
000000002216
000000002217
000000002218
000000002219
000000002220
000000002221
000000002222
000000002223
000000002224
000000002225
000000002226
000000002227
000000002228
000000002229
000000002230
000000002231
000000002232
000000002233
000000002234
000000002235
000000002236
000000002237
000000002238
000000002239
000000002240
000000002241
000000002242
000000002243
000000002244
000000002245
000000002246
000000002247
000000002248
000000002249
000000002250
000000002251
000000002252
000000002253
000000002254
000000002255
000000002256
000000002257
000000002258
000000002259
000000002260
000000002261
000000002262
000000002263
000000002264
000000002265
000000002266
000000002267
000000002268
000000002269
000000002270
000000002271
000000002272
000000002273
000000002274
000000002275
000000002276
000000002277
000000002278
000000002279
000000002280
000000002281
000000002282
000000002283
000000002284
000000002285
000000002286
000000002287
000000002288
000000002289
000000002290
000000002291
000000002292
000000002293
000000002294
000000002295
000000002296
000000002297
000000002298
000000002299
000000002300
000000002301
000000002302
000000002303
000000002304
000000002305
000000002306
000000002307
000000002308
000000002309
000000002310
000000002311
000000002312
000000002313
000000002314
000000002315
000000002316
000000002317
000000002318
000000002319
000000002320
000000002321
000000002322
000000002323
000000002324
000000002325
000000002326
000000002327
000000002328
000000002329
000000002330
000000002331
000000002332
000000002333
000000002334
000000002335
000000002336
000000002337
000000002338
000000002339
000000002340
000000002341
000000002342
000000002343
000000002344
000000002345
000000002346
000000002347
000000002348
000000002349
000000002350
000000002351
000000002352
000000002353
000000002354
000000002355
000000002356
000000002357
000000002358
000000002359
000000002360
000000002361
000000002362
000000002363
000000002364
000000002365
000000002366
000000002367
000000002368
000000002369
000000002370
000000002371
000000002372
000000002373
000000002374
000000002375
000000002376
000000002377
000000002378
000000002379
000000002380
000000002381
000000002382
000000002383
000000002384
000000002385
000000002386
000000002387
000000002388
000000002389
000000002390
000000002391
000000002392
000000002393
000000002394
000000002395
000000002396
000000002397
000000002398
000000002399
000000002400
000000002401
000000002402
000000002403
000000002404
000000002405
000000002406
000000002407
000000002408
000000002409
000000002410
000000002411
000000002412
000000002413
000000002414
000000002415
000000002416
000000002417
000000002418
000000002419
000000002420
000000002421
000000002422
000000002423
000000002424
000000002425
000000002426
000000002427
000000002428
000000002429
000000002430
000000002431
000000002432
000000002433
000000002434
000000002435
000000002436
000000002437
000000002438
000000002439
000000002440
000000002441
000000002442
000000002443
000000002444
000000002445
000000002446
000000002447
000000002448
000000002449
000000002450
000000002451
000000002452
000000002453
000000002454
000000002455
000000002456
000000002457
000000002458
000000002459
000000002460
000000002461
000000002462
000000002463
000000002464
000000002465
000000002466
000000002467
000000002468
000000002469
000000002470
000000002471
000000002472
000000002473
000000002474
000000002475
000000002476
000000002477
000000002478
000000002479
000000002480
000000002481
000000002482
000000002483
000000002484
000000002485
000000002486
000000002487
000000002488
000000002489
000000002490
000000002491
000000002492
000000002493
000000002494
000000002495
000000002496
000000002497
000000002498
000000002499
000000002500
000000002501
000000002502
000000002503
000000002504
000000002505
000000002506
000000002507
000000002508
000000002509
000000002510
000000002511
000000002512
000000002513
000000002514
000000002515
000000002516
000000002517
000000002518
000000002519
000000002520
000000002521
000000002522
000000002523
000000002524
000000002525
000000002526
000000002527
000000002528
000000002529
000000002530
000000002531
000000002532
000000002533
000000002534
000000002535
000000002536
000000002537
000000002538
000000002539
000000002540
000000002541
000000002542
000000002543
000000002544
000000002545
000000002546
000000002547
000000002548
000000002549
000000002550
000000002551
000000002552
000000002553
000000002554
000000002555
000000002556
000000002557
000000002558
000000002559
000000002560
000000002561
000000002562
000000002563
000000002564
000000002565
000000002566
000000002567
000000002568
000000002569
000000002570
000000002571
000000002572
000000002573
000000002574
000000002575
000000002576
000000002577
000000002578
000000002579
000000002580
000000002581
000000002582
000000002583
000000002584
000000002585
000000002586
000000002587
000000002588
000000002589
000000002590
000000002591
000000002592
000000002593
000000002594
000000002595
000000002596
000000002597
000000002598
000000002599
000000002600
000000002601
000000002602
000000002603
000000002604
000000002605
000000002606
000000002607
000000002608
000000002609
000000002610
000000002611
000000002612
000000002613
000000002614
000000002615
000000002616
000000002617
000000002618
000000002619
000000002620
000000002621
000000002622
000000002623
000000002624
000000002625
000000002626
000000002627
000000002628
000000002629
000000002630
000000002631
000000002632
000000002633
000000002634
000000002635
000000002636
000000002637
000000002638
000000002639
000000002640
000000002641
000000002642
000000002643
000000002644
000000002645
000000002646
000000002647
000000002648
000000002649
000000002650
000000002651
000000002652
000000002653
000000002654
000000002655
000000002656
000000002657
000000002658
000000002659
000000002660
000000002661
000000002662
000000002663
000000002664
000000002665
000000002666
000000002667
000000002668
000000002669
000000002670
000000002671
000000002672
000000002673
000000002674
000000002675
000000002676
000000002677
000000002678
000000002679
000000002680
000000002681
000000002682
000000002683
000000002684
000000002685
000000002686
000000002687
000000002688
000000002689
000000002690
000000002691
000000002692
000000002693
000000002694
000000002695
000000002696
000000002697
000000002698
000000002699
000000002700
000000002701
000000002702
000000002703
000000002704
000000002705
000000002706
000000002707
000000002708
000000002709
000000002710
000000002711
000000002712
000000002713
000000002714
000000002715
000000002716
000000002717
000000002718
000000002719
000000002720
000000002721
000000002722
000000002723
000000002724
000000002725
000000002726
000000002727
000000002728
000000002729
000000002730
000000002731
000000002732
000000002733
000000002734
000000002735
000000002736
000000002737
000000002738
000000002739
000000002740
000000002741
000000002742
000000002743
000000002744
000000002745
000000002746
000000002747
000000002748
000000002749
000000002750
000000002751
000000002752
000000002753
000000002754
000000002755
000000002756
000000002757
000000002758
000000002759
000000002760
000000002761
000000002762
000000002763
000000002764
000000002765
000000002766
000000002767
000000002768
000000002769
000000002770
000000002771
000000002772
000000002773
000000002774
000000002775
000000002776
000000002777
000000002778
000000002779
000000002780
000000002781
000000002782
000000002783
000000002784
000000002785
000000002786
000000002787
000000002788
000000002789
000000002790
000000002791
000000002792
000000002793
000000002794
000000002795
000000002796
000000002797
000000002798
000000002799
000000002800
000000002801
000000002802
000000002803
000000002804
000000002805
000000002806
000000002807
000000002808
000000002809
000000002810
000000002811
000000002812
000000002813
000000002814
000000002815
000000002816
000000002817
000000002818
000000002819
000000002820
000000002821
000000002822
000000002823
000000002824
000000002825
000000002826
000000002827
000000002828
000000002829
000000002830
000000002831
000000002832
000000002833
000000002834
000000002835
000000002836
000000002837
000000002838
000000002839
000000002840
000000002841
000000002842
000000002843
000000002844
000000002845
000000002846
000000002847
000000002848
000000002849
000000002850
000000002851
000000002852
000000002853
000000002854
000000002855
000000002856
000000002857
000000002858
000000002859
000000002860
000000002861
000000002862
000000002863
000000002864
000000002865
000000002866
000000002867
000000002868
000000002869
000000002870
000000002871
000000002872
000000002873
000000002874
000000002875
000000002876
000000002877
000000002878
000000002879
000000002880
000000002881
000000002882
000000002883
000000002884
000000002885
000000002886
000000002887
000000002888
000000002889
000000002890
000000002891
000000002892
000000002893
000000002894
000000002895
000000002896
000000002897
000000002898
000000002899
000000002900
000000002901
000000002902
000000002903
000000002904
000000002905
000000002906
000000002907
000000002908
000000002909
000000002910
000000002911
000000002912
000000002913
000000002914
000000002915
000000002916
000000002917
000000002918
000000002919
000000002920
000000002921
000000002922
000000002923
000000002924
000000002925
000000002926
000000002927
000000002928
000000002929
000000002930